INPUTS

#error input
	02r8239569329183692619712647912697462197679122698698269762976792
#not in inst set
	10000000000000000000000000000000000000000000000000000000000000000000000000000000000000000000000000000000000000000000000000100000
#movw %ax,%bx
	00010000010100000000000000000011000000000000000000000000000000000000000000000000000000000000000000000000000000000000000000000000
	10 50 00 03 00 00 00 00	

	opcode :0001 0000 			0x10
	mode: 0101 0000 			0x50
	sib : 0000 0000 			0x00
	rm:  0000 0011				0x03
	displ: 0000 0000 0000 0000 0000 0000 0000 0000 
	immediate: 0000 0000 0000 0000 0000 0000 0000 0000 0000 0000 0000 0000 0000 0000 0000 0000

	
#movq 0xabcd(%rsi, %rcx, 4), %rax
	000100001111101011100001011000001100110110101011000000000000000000000000000000000000000000000000000000000000000000000000000000000

	10 FA E1 60 CD AB 00 00

	opcode : 0001 0000		0x10
	mode: 1111 1010			0xFA
	sib: 1110 0001			0xE1
	rm; 0110 0000			0x60
	displ: 1100 1101 1010 1011 0000 0000 0000 0000
		0xCD AB
	immediate : 0000 0000 0000 0000 0000 0000 0000 0000 0000 0000 0000 0000 0000 0000 0000 0000


#addb $0xa,%dl
	001000000000010000000000000000100000101000000000000000000000000000000000000000000000000000000000000000000000000000000000000000000

	20 04 00 02 0A 00 00 00
	
	opcode:0010 0000
	mode: 0000 0100 
	sib: 0000 0000
	rm: 0000 0010
	displ : 0000 1010 0000 0000 0000 0000 0000 0000
	immediate:  0000 0000 0000 0000 0000 0000 0000 0000 0000 0000 0000 0000 0000 0000 0000 0000 

#addw $0xbbaa, %rdx
	
	20 F4 00 02 00 00 00 00 AA BB 00 00 00 00 00 00
	opcode:0010 0000  			0x20
	mode: 1111 0100 			0xF4
	sib: 0000 0000				0x00
	rm: 0000 0010				0x02
	displ : 0000 0000 0000 0000 0000 0000 0000 0000
	immediate:  1010 1010 1011 1011 0000 0000 0000 0000 0000 0000 0000 0000 0000 0000 0000 0000 

#subw $0xbbaa, %rdx
	21 F4 00 02 00 00 00 00 AA BB 00 00 00 00 00 00


#adc $0xbbaa, %rdx
	22 F4 00 02 00 00 00 00 AA BB 00 00 00 00 00 00

#jmp 10
	01010000000000000000000000000000000010100000000000000000000000000000000000000000000000000000000000000000000000000000000000000000000
	50 00 00 00 0A 00 00 00
	opcode: 0101 0000
	mode : 0000 0000
	sib: 0000 0000
	rm: 0000 0000
	displ : 0000 1010 0000 0000 0000 0000 0000 0000
	immediate:  0000 0000 0000 0000 0000 0000 0000 0000 0000 0000 0000 0000 0000 0000 0000 0000 

#jc
	01100000000000000000000000000000000000000000000000000000000000000000000000000000000000000000000000000000000000000000000000000000
	60 00 00 00 00 00 00 00
	opcode:0110 0000
	mode: 0000 0000 
	sib: 0000 0000
	rm: 0000 0000
	displ : 0000 0000 0000 0000 0000 0000 0000 0000
	immediate:  0000 0000 0000 0000 0000 0000 0000 0000 0000 0000 0000 0000 0000 0000 0000 0000 

#pushf
	00010110000000000000000000000000000000000000000000000000000000000000000000000000000000000000000000000000000000000000000000000000
	16 00 00 00 00 00 00 00
	opcode:0001 0110
	mode: 0000 0000 
	sib: 0000 0000
	rm: 0000 0000
	displ : 0000 0000 0000 0000 0000 0000 0000 0000
	immediate:  0000 0000 0000 0000 0000 0000 0000 0000 0000 0000 0000 0000 0000 0000 0000 0000 


#popf
	00010111000000000000000000000000000000000000000000000000000000000000000000000000000000000000000000000000000000000000000000000000
	17 00 00 00 00 00 00 00
	opcode:0001 0111
	mode: 0000 0000 
	sib: 0000 0000
	rm: 0000 0000
	displ : 0000 0000 0000 0000 0000 0000 0000 0000
	immediate:  0000 0000 0000 0000 0000 0000 0000 0000 0000 0000 0000 0000 0000 0000 0000 0000 

#push %ax
	00010100000000000000000000000000000000000000000000000000000000000000000000000000000000000000000000000000000000000000000000000000
	15 00 00 00 00 00 00 00 00
	opcode:0001 0101
	mode: 0000 0000 
	sib: 0000 0000
	rm: 0000 0000
	displ : 0000 0000 0000 0000 0000 0000 0000 0000
	immediate:  0000 0000 0000 0000 0000 0000 0000 0000 0000 0000 0000 0000 0000 0000 0000 0000

#pop %ax
	00010101000000000000000000000000000000000000000000000000000000000000000000000000000000000000000000000000000000000000000000000000

	opcode:0001 0101
	mode: 0000 0000 
	sib: 0000 0000
	rm: 0000 0000
	displ : 0000 0000 0000 0000 0000 0000 0000 0000
	immediate:  0000 0000 0000 0000 0000 0000 0000 0000 0000 0000 0000 0000 0000 0000 0000 0000

#call 10
	0101001000000000000000000000000000010100000000000000000000000000000000000000000000000000000000000000000000000000000000000000000000
	52 00 00 00 0A 00 00 00 00
	opcode: 0101 0010
	mode : 0000 0000
	sib: 0000 0000
	rm: 0000 0000
	displ : 0000 1010 0000 0000 0000 0000 0000 0000
	immediate:  0000 0000 0000 0000 0000 0000 0000 0000 0000 0000 0000 0000 0000 0000 0000 0000 


#sal 2,%rax
	0011000000110100000000000000000000000000000000000000000000000000000000000000000000000000000000000000000000000000000000000000000000

	opcode: 0011 0000
	mode : 0011 0100
	sib: 0000 0000
	rm: 0000 0000
	displ: 0000 0000 0000 0000 0000 0000 0000 0000
	immediate: 0000 0000 0000 0000 0000 0000 0000 0000 0000 0000 0000 0000 0000 0000 0000 0000 

#sal %rax
	00110000001100000000000000000000000000000000000000000000000000000000000000000000000000000000000000000000000000000000000000000000000
	
	opcode : 0011 0000
	mode : 0011 0000
	sib: 0000 0000
	rm: 0000 0000
	displ: 0000 0000 0000 0000 0000 0000 0000 0000
	immediate: 0000 0000 0000 0000 0000 0000 0000 0000 0000 0000 0000 0000 0000 0000 0000 0000 

